00000000000000000000000000000000000
02000000000000000000000030000000000
00000000003000000000000000000000000
00000000000000000000000030000000000
00030000000000000000000000000000000
00000000000000000000000030000000000
00000000000000000000000000000000000
00000030000000000000000000000000000
00000000000000000000030000000000000
00000000000000000000000000000000000
00000030000000000000000000000000000
00000000000000000000000000000000000
00000000000000000000000000000000000
00000003000000000000000000000000000
00000000000000000000000000000000000
00000000000000000000030000000000000
00000300000000000000000000000000000
00000000000000000000000000000000000
00000000000000000000000000000000000
